Iteration	CPUTime	PhysTime	Travels	Value	AvValue	MinValue	MaxValue	Delta	Criteria	PrevAvRefValue	Progress	CriteriaType	CriteriaVarType	CriteriaPercentage
1	2	0	0.025	101155.226	101155.226	101155.226	101155.226	0	0	0	0	0	0	3
2	2	0	0.05	8903492.87	4502324.05	101155.226	8903492.87	4401168.82	0	0	0	0	0	3
3	2	0	0.075	-3996849.5	1669266.2	-3996849.5	8903492.87	4401168.82	0	0	0	0	0	3
4	2	0	0.1	-1524629.42	870792.293	-3996849.5	8903492.87	4401168.82	0	0	0	0	0	3
5	2	0	0.125	7710.91637	698176.018	-3996849.5	8903492.87	4401168.82	0	0	0	0	0	3
6	2	0	0.15	328788.375	636611.41	-3996849.5	8903492.87	4401168.82	0	0	0	0	0	3
7	2	0	0.175	299949.279	588516.82	-3996849.5	8903492.87	4401168.82	0	0	0	0	0	3
8	3	0	0.2	433391.982	569126.215	-3996849.5	8903492.87	4401168.82	0	0	0	0	0	3
9	3	0	0.225	320817.602	541536.37	-3996849.5	8903492.87	4401168.82	0	0	0	0	0	3
10	3	0	0.25	246869.731	512069.706	-3996849.5	8903492.87	4401168.82	0	0	0	0	0	3
11	3	0	0.275	206309.48	484273.322	-3996849.5	8903492.87	4401168.82	0	0	0	0	0	3
12	3	0	0.3	176919.244	458660.482	-3996849.5	8903492.87	4401168.82	0	0	0	0	0	3
13	3	0	0.325	149829.011	434904.215	-3996849.5	8903492.87	4401168.82	0	0	0	0	0	3
14	3	0	0.35	-82660.7075	397935.292	-3996849.5	8903492.87	4401168.82	0	0	0	0	0	3
15	3	0	0.375	111169.54	378817.575	-3996849.5	8903492.87	4401168.82	0	0	0	0	0	3
16	3	0	0.4	66692.2073	359309.739	-3996849.5	8903492.87	4401168.82	0	0	0	0	0	3
17	4	0	0.425	111165.605	344713.026	-3996849.5	8903492.87	4401168.82	0	0	0	0	0	3
18	4	0	0.45	65665.6799	329210.395	-3996849.5	8903492.87	4401168.82	0	0	0	0	0	3
19	4	0	0.475	93522.4607	316805.767	-3996849.5	8903492.87	4401168.82	0	0	0	0	0	3
20	4	0	0.5	105312.886	306231.123	-3996849.5	8903492.87	4401168.82	0	0	0	0	0	3
21	4	0	0.525	100144.534	306180.589	-3996849.5	8903492.87	4196143.46	0	0	0	0	0	3
22	4	0	0.55	147947.15	-131596.697	-3996849.5	433391.982	1800862.89	0	0	0	0	0	3
23	4	0	0.575	105340.362	73512.796	-1524629.42	433391.982	1002388.99	0	0	0	0	0	3
24	4	0	0.6	175937.696	158541.152	-82660.7075	433391.982	516052.69	0	0	0	0	0	3
25	5	0	0.625	251911.458	170751.179	-82660.7075	433391.982	516052.69	0	0	0	0	0	3
26	5	0	0.65	97607.2623	159192.123	-82660.7075	433391.982	516052.69	0	0	0	0	0	3
27	5	0	0.675	152152.944	151802.306	-82660.7075	433391.982	516052.69	0	0	0	0	0	3
28	5	0	0.7	80855.6512	134175.49	-82660.7075	320817.602	403478.31	0	0	0	0	0	3
29	5	0	0.725	104156.434	123342.431	-82660.7075	251911.458	334572.165	0	0	0	0	0	3
30	5	0	0.75	77253.9913	114861.644	-82660.7075	251911.458	334572.165	0	0	0	0	0	3
31	5	0	0.775	83655.8932	108728.965	-82660.7075	251911.458	334572.165	0	0	0	0	0	3
32	5	0	0.8	88925.3429	104329.27	-82660.7075	251911.458	334572.165	0	0	0	0	0	3
33	6	0	0.825	88666.398	101271.139	-82660.7075	251911.458	334572.165	0	0	0	0	0	3
34	6	0	0.85	148394.613	112823.905	65665.6799	251911.458	186245.778	0	0	0	0	0	3
35	6	0	0.875	219664.795	118248.668	65665.6799	251911.458	186245.778	0	0	0	0	0	3
36	6	0	0.9	70532.3776	118440.677	65665.6799	251911.458	186245.778	0	0	0	0	0	3
37	6	0	0.925	125952.218	119180.007	65665.6799	251911.458	186245.778	0	0	0	0	0	3
38	6	0	0.95	98747.3857	120834.093	70532.3776	251911.458	181379.08	0	0	0	0	0	3
39	6	0	0.975	132487.515	122782.345	70532.3776	251911.458	181379.08	0	0	0	0	0	3
40	7	0	1	93129.0927	122173.156	70532.3776	251911.458	181379.08	547418.359	0	0	0	0	3
41	7	0	1.025	100620.416	122196.95	70532.3776	251911.458	181379.08	547418.359	0	0	0	0	3
42	7	0	1.05	93536.3387	119476.409	70532.3776	251911.458	97238.3828	547418.359	0	0	0	0	3
43	7	0	1.075	98921.6602	119155.474	70532.3776	251911.458	69480.0394	547418.359	0	0	0	0	3
44	7	0	1.1	114001.892	118910.065	70532.3776	251911.458	69480.0394	547418.359	0	0	0	0	3
45	7	0	1.125	93157.7028	114968.161	70532.3776	251911.458	69480.0394	547418.359	0	0	0	0	3
46	7	0	1.15	120011.295	108687.201	70532.3776	219664.795	57920.9838	547418.359	0	0	0	0	3
47	7	0	1.175	138220.899	110621.184	70532.3776	219664.795	50531.167	547418.359	0	0	0	0	3
48	8	0	1.2	106275.144	108436.526	70532.3776	219664.795	32904.3504	547418.359	0	0	0	0	3
49	8	0	1.225	109042.893	109778.776	70532.3776	219664.795	22071.292	547418.359	0	0	0	0	3
50	8	0	1.25	121278.249	110594.101	70532.3776	219664.795	21511.2059	547418.359	0	0	0	0	3
51	8	0	1.275	124051.702	112822.563	70532.3776	219664.795	21511.2059	547418.359	0	0	0	0	3
52	8	0	1.3	109971.602	114075.692	70532.3776	219664.795	21511.2059	547418.359	0	0	0	0	3
53	8	0	1.325	97742.7205	114495.567	70532.3776	219664.795	21511.2059	547418.359	0	0	0	0	3
54	8	0	1.35	101158.863	115090.446	70532.3776	219664.795	14345.8189	547418.359	0	0	0	0	3
55	8	0	1.375	102978.677	112927.783	70532.3776	219664.795	14345.8189	547418.359	0	0	0	0	3
56	9	0	1.4	103631.433	107402.385	70532.3776	138220.899	15379.9608	547418.359	0	0	0	0	3
57	9	0	1.425	106817.166	109130.232	93129.0927	138220.899	15379.9608	547418.359	0	0	0	0	3
58	9	0	1.45	114390.392	108579.668	93129.0927	138220.899	15379.9608	547418.359	0	0	0	0	3
59	9	0	1.475	116710.694	109435.064	93129.0927	138220.899	15379.9608	547418.359	0	0	0	0	3
60	9	0	1.5	123672.149	109015.285	93129.0927	138220.899	14794.5652	547418.359	0	0	0	0	3
61	9	0	1.525	121920.508	110386.305	93157.7028	138220.899	14794.5652	547418.359	0	0	0	0	3
62	9	0	1.55	124046.144	111501.815	93157.7028	138220.899	12074.0246	547418.359	0	0	0	0	3
63	9	0	1.575	130266.572	113250.874	93157.7028	138220.899	11753.0895	547418.359	0	0	0	0	3
64	9	0	1.6	137332.324	115079.953	93157.7028	138220.899	11507.6809	547418.359	0	0	0	0	3
65	10	0	1.625	134326.795	116047.806	93157.7028	138220.899	8645.42132	547418.359	0	0	0	0	3
66	10	0	1.65	154774.277	118981.928	97742.7205	154774.277	11579.5439	547418.359	0	0	0	0	3
67	10	0	1.675	147074.132	120270.635	97742.7205	154774.277	12868.2504	547418.359	0	0	0	0	3
68	10	0	1.7	154345.377	121038.467	97742.7205	154774.277	13636.0827	547418.359	0	0	0	0	3
69	10	0	1.725	158892.967	123544.078	97742.7205	158892.967	16141.6933	547418.359	0	0	0	0	3
70	10	0	1.75	160101.592	125975.445	97742.7205	160101.592	18573.06	547418.359	0	0	0	0	3
71	10	0	1.775	165877.322	128099.21	97742.7205	165877.322	20696.8253	547418.359	0	0	0	0	3
72	10	0	1.8	167445.181	130165.566	97742.7205	167445.181	22763.1815	547418.359	0	0	0	0	3
73	11	0	1.825	166218.087	132843.97	97742.7205	167445.181	25441.5856	547418.359	0	0	0	0	3
74	11	0	1.85	163326.641	135967.014	101158.863	167445.181	28564.6294	547418.359	0	0	0	0	3
75	11	0	1.875	159005.29	138721.606	102978.677	167445.181	31319.2212	547418.359	0	0	0	0	3
76	11	0	1.9	152651.811	141086.993	103631.433	167445.181	33684.6085	547418.359	0	0	0	0	3
77	11	0	1.925	145726.248	143091.508	106817.166	167445.181	34511.8396	547418.359	0	0	0	0	3
78	11	0	1.95	139508.978	144648.261	114390.392	167445.181	36068.5925	547418.359	0	0	0	0	3
79	11	0	1.975	136045.223	145679.443	116710.694	167445.181	36664.1586	547418.359	0	0	0	0	3
80	11	0	2	131962.524	146405.721	121920.508	167445.181	37390.4362	547418.359	0	0	0	0	3
81	12	0	2.025	122463.043	146348.145	121920.508	167445.181	36019.4164	547418.359	0	0	0	0	3
82	12	0	2.05	125523.095	146519.696	122463.043	167445.181	35017.8809	547418.359	0	0	0	0	3
83	12	0	2.075	130457.936	146825.02	122463.043	167445.181	33574.1456	547418.359	0	0	0	0	3
84	12	0	2.1	118096.29	146245.483	118096.29	167445.181	31745.0664	547418.359	0	0	0	0	3
85	12	0	2.125	125274.86	145671.318	118096.29	167445.181	30777.2139	547418.359	0	0	0	0	3
86	12	0	2.15	125901.411	145270.109	118096.29	167445.181	27843.0913	547418.359	0	0	0	0	3
87	12	0	2.175	126737.611	143935.029	118096.29	167445.181	26554.3848	547418.359	0	0	0	0	3
88	12	0	2.2	121908.764	142736.679	118096.29	167445.181	25786.5525	547418.359	0	0	0	0	3
89	13	0	2.225	130846.848	141617.701	118096.29	167445.181	23280.9418	547418.359	0	0	0	0	3
90	13	0	2.25	135139.032	140486.561	118096.29	167445.181	20849.5752	547418.359	0	0	0	0	3
91	13	0	2.275	134160.043	139251.249	118096.29	167445.181	18725.8098	547418.359	0	0	0	0	3
92	13	0	2.3	128365.456	137464.97	118096.29	167445.181	16659.4537	547418.359	0	0	0	0	3
93	13	0	2.325	130063.642	135684.897	118096.29	166218.087	13981.0496	547418.359	0	0	0	0	3
94	13	0	2.35	135417.217	134218.189	118096.29	163326.641	12606.8311	547418.359	0	0	0	0	3
95	13	0	2.375	133479.986	132796.919	118096.29	159005.29	14028.1003	547418.359	0	0	0	0	3
96	13	0	2.4	128949.912	131365.711	118096.29	152651.811	15459.3088	547418.359	0	0	0	0	3
97	14	0	2.425	132948.17	130427.442	118096.29	145726.248	16397.5774	547418.359	0	0	0	0	3
98	14	0	2.45	136729.853	129999.043	118096.29	139508.978	16825.9772	547418.359	0	0	0	0	3
99	14	0	2.475	133913.988	129732.614	118096.29	136729.853	17092.4053	547418.359	0	0	0	0	3
100	14	0	2.5	132436	129560.747	118096.29	136729.853	17264.2731	547418.359	0	0	0	0	3
101	14	0	2.525	131269.899	129527.765	118096.29	136729.853	17297.2552	547418.359	0	0	0	0	3
102	14	0	2.55	131216.244	129944.584	118096.29	136729.853	17297.2552	547418.359	0	0	0	0	3
103	14	0	2.575	134947.668	130393.373	118096.29	136729.853	17297.2552	547418.359	0	0	0	0	3
104	14	0	2.6	139047.643	130802.406	118096.29	139047.643	16717.7179	547418.359	0	0	0	0	3
105	15	0	2.625	138328.908	131765.864	121908.764	139047.643	16143.553	547418.359	0	0	0	0	3
106	15	0	2.65	136607.171	132305.498	121908.764	139047.643	15742.3442	547418.359	0	0	0	0	3
107	15	0	2.675	135665.587	132770.459	121908.764	139047.643	14407.2649	547418.359	0	0	0	0	3
108	15	0	2.7	135376.515	133181.836	121908.764	139047.643	13208.914	547418.359	0	0	0	0	3
109	15	0	2.725	135438.694	133826.118	128365.456	139047.643	10682.1864	547418.359	0	0	0	0	3
