Iteration	CPUTime	PhysTime	Travels	Value	AvValue	MinValue	MaxValue	Delta	Criteria	PrevAvRefValue	Progress	CriteriaType	CriteriaVarType	CriteriaPercentage
1	2	0	0.025	293.199763	293.199763	293.199763	293.199763	0	0	0	0	0	0	3
2	2	0	0.05	293.198846	293.199304	293.198846	293.199763	0.000458942761	0	0	0	0	0	3
3	2	0	0.075	293.199874	293.199494	293.198846	293.199874	0.000458942761	0	0	0	0	0	3
4	2	0	0.1	293.200133	293.199654	293.198846	293.200133	0.000458942761	0	0	0	0	0	3
5	2	0	0.125	293.200182	293.19976	293.198846	293.200182	0.000458942761	0	0	0	0	0	3
6	2	0	0.15	293.200211	293.199835	293.198846	293.200211	0.000530413639	0	0	0	0	0	3
7	2	0	0.175	293.200216	293.199889	293.198846	293.200216	0.000584878778	0	0	0	0	0	3
8	3	0	0.2	293.200168	293.199924	293.198846	293.200216	0.0006197711	0	0	0	0	0	3
9	3	0	0.225	293.200152	293.19995	293.198846	293.200216	0.000645084483	0	0	0	0	0	3
10	3	0	0.25	293.200164	293.199971	293.198846	293.200216	0.000666542343	0	0	0	0	0	3
11	3	0	0.275	293.200219	293.199994	293.198846	293.200219	0.000689065153	0	0	0	0	0	3
12	3	0	0.3	293.19456	293.199541	293.19456	293.200219	0.000689065153	0	0	0	0	0	3
13	3	0	0.325	293.200653	293.199626	293.19456	293.200653	0.000689065153	0	0	0	0	0	3
14	3	0	0.35	293.252414	293.203397	293.19456	293.252414	0.00409239022	0	0	0	0	0	3
15	3	0	0.375	293.209436	293.203799	293.19456	293.252414	0.00449501392	0	0	0	0	0	3
16	3	0	0.4	293.219402	293.204775	293.19456	293.252414	0.00547018607	0	0	0	0	0	3
17	4	0	0.425	293.209622	293.20506	293.19456	293.252414	0.00575534647	0	0	0	0	0	3
18	4	0	0.45	293.219766	293.205877	293.19456	293.252414	0.0065723476	0	0	0	0	0	3
19	4	0	0.475	293.213752	293.206291	293.19456	293.252414	0.00698683951	0	0	0	0	0	3
20	4	0	0.5	293.211271	293.20654	293.19456	293.252414	0.00723582511	0	0	0	0	0	3
21	4	0	0.525	293.212637	293.207184	293.19456	293.252414	0.00787950618	0	0	0	0	0	3
22	4	0	0.55	293.202302	293.207357	293.19456	293.252414	0.00786260788	0	0	0	0	0	3
23	4	0	0.575	293.212072	293.207967	293.19456	293.252414	0.00842601192	0	0	0	0	0	3
24	4	0	0.6	293.197393	293.20783	293.19456	293.252414	0.00842601192	0	0	0	0	0	3
25	5	0	0.625	293.181177	293.20688	293.181177	293.252414	0.00842601192	0	0	0	0	0	3
26	5	0	0.65	293.216469	293.207692	293.181177	293.252414	0.00842601192	0	0	0	0	0	3
27	5	0	0.675	293.205464	293.207955	293.181177	293.252414	0.00842601192	0	0	0	0	0	3
28	5	0	0.7	293.222105	293.209052	293.181177	293.252414	0.00951086839	0	0	0	0	0	3
29	5	0	0.725	293.217634	293.209926	293.181177	293.252414	0.0103849902	0	0	0	0	0	3
30	5	0	0.75	293.224149	293.211125	293.181177	293.252414	0.0115842282	0	0	0	0	0	3
31	5	0	0.775	293.223494	293.212289	293.181177	293.252414	0.0127480061	0	0	0	0	0	3
32	5	0	0.8	293.222982	293.21371	293.181177	293.252414	0.014083537	0	0	0	0	0	3
33	6	0	0.825	293.223378	293.214846	293.181177	293.252414	0.0114492014	0	0	0	0	0	3
34	6	0	0.85	293.213358	293.212893	293.181177	293.224149	0.0110465777	0	0	0	0	0	3
35	6	0	0.875	293.199105	293.212377	293.181177	293.224149	0.0100714055	0	0	0	0	0	3
36	6	0	0.9	293.232769	293.213045	293.181177	293.232769	0.00978624516	0	0	0	0	0	3
37	6	0	0.925	293.222089	293.213668	293.181177	293.232769	0.00896924402	0	0	0	0	0	3
38	6	0	0.95	293.229051	293.214133	293.181177	293.232769	0.00855475211	0	0	0	0	0	3
39	6	0	0.975	293.223078	293.214599	293.181177	293.232769	0.00830576652	0	0	0	0	0	3
40	7	0	1	293.23225	293.215648	293.181177	293.232769	0.0087683511	0.00880233854	0	0	0	0	3
41	7	0	1.025	293.232312	293.216632	293.181177	293.232769	0.00975209852	0.00880233854	0	0	0	0	3
42	7	0	1.05	293.234366	293.218235	293.181177	293.234366	0.0113552926	0.00880233854	0	0	0	0	3
43	7	0	1.075	293.233574	293.21931	293.181177	293.234366	0.0124303934	0.00880233854	0	0	0	0	3
44	7	0	1.1	293.230864	293.21986	293.181177	293.234366	0.012980574	0.00880233854	0	0	0	0	3
45	7	0	1.125	293.23538	293.221669	293.181177	293.23538	0.0147894515	0.00880233854	0	0	0	0	3
46	7	0	1.15	293.23074	293.224029	293.199105	293.23538	0.0163366977	0.00880233854	0	0	0	0	3
47	7	0	1.175	293.227303	293.224545	293.199105	293.23538	0.0165901992	0.00880233854	0	0	0	0	3
48	8	0	1.2	293.234349	293.22592	293.199105	293.23538	0.0168688915	0.00880233854	0	0	0	0	3
49	8	0	1.225	293.233591	293.226467	293.199105	293.23538	0.0165417377	0.00880233854	0	0	0	0	3
50	8	0	1.25	293.230716	293.22709	293.199105	293.23538	0.0159654405	0.00880233854	0	0	0	0	3
51	8	0	1.275	293.229736	293.227356	293.199105	293.23538	0.0150677356	0.00880233854	0	0	0	0	3
52	8	0	1.3	293.232214	293.227772	293.199105	293.23538	0.0153950417	0.00880233854	0	0	0	0	3
53	8	0	1.325	293.234105	293.228301	293.199105	293.23538	0.015924714	0.00880233854	0	0	0	0	3
54	8	0	1.35	293.232203	293.228722	293.199105	293.23538	0.0163449774	0.00880233854	0	0	0	0	3
55	8	0	1.375	293.230574	293.229541	293.199105	293.23538	0.0171647569	0.00880233854	0	0	0	0	3
56	9	0	1.4	293.229192	293.230974	293.222089	293.23538	0.0132911223	0.00880233854	0	0	0	0	3
57	9	0	1.425	293.227189	293.230708	293.222089	293.23538	0.0132911223	0.00880233854	0	0	0	0	3
58	9	0	1.45	293.224261	293.230812	293.223078	293.23538	0.0123015557	0.00880233854	0	0	0	0	3
59	9	0	1.475	293.222631	293.230506	293.222631	293.23538	0.0127488447	0.00880233854	0	0	0	0	3
60	9	0	1.5	293.220013	293.23036	293.220013	293.23538	0.0153263063	0.00880233854	0	0	0	0	3
61	9	0	1.525	293.219427	293.22975	293.219427	293.23538	0.0143425588	0.00880233854	0	0	0	0	3
62	9	0	1.55	293.217964	293.229066	293.217964	293.23538	0.0127393647	0.00880233854	0	0	0	0	3
63	9	0	1.575	293.21561	293.228173	293.21561	293.23538	0.011664264	0.00880233854	0	0	0	0	3
64	9	0	1.6	293.213343	293.22721	293.213343	293.23538	0.0111140833	0.00880233854	0	0	0	0	3
65	10	0	1.625	293.213404	293.226378	293.213343	293.23538	0.00930520588	0.00880233854	0	0	0	0	3
66	10	0	1.65	293.208654	293.225106	293.208654	293.234349	0.00694506757	0.00880233854	0	0	0	0	3
67	10	0	1.675	293.210394	293.224137	293.208654	293.234349	0.00683731353	0.00880233854	0	0	0	0	3
68	10	0	1.7	293.208845	293.223258	293.208654	293.234349	0.00771625745	0.00880233854	0	0	0	0	3
69	10	0	1.725	293.208082	293.222007	293.208082	293.234105	0.00896709979	0.00880233854	0	0	0	0	3
70	10	0	1.75	293.208127	293.220794	293.208082	293.234105	0.0101797023	0.00880233854	0	0	0	0	3
71	10	0	1.775	293.207237	293.219676	293.207237	293.234105	0.0112977597	0.00880233854	0	0	0	0	3
72	10	0	1.8	293.207307	293.218608	293.207237	293.234105	0.0123658309	0.00880233854	0	0	0	0	3
73	11	0	1.825	293.207879	293.21745	293.207237	293.234105	0.0135246401	0.00880233854	0	0	0	0	3
74	11	0	1.85	293.208638	293.216237	293.207237	293.232203	0.014737354	0.00880233854	0	0	0	0	3
75	11	0	1.875	293.209499	293.215156	293.207237	293.230574	0.0158184993	0.00880233854	0	0	0	0	3
76	11	0	1.9	293.210563	293.214203	293.207237	293.229192	0.0167714156	0.00880233854	0	0	0	0	3
77	11	0	1.925	293.211508	293.213361	293.207237	293.227189	0.0174511944	0.00880233854	0	0	0	0	3
78	11	0	1.95	293.212099	293.212642	293.207237	293.224261	0.0170238501	0.00880233854	0	0	0	0	3
79	11	0	1.975	293.212001	293.212058	293.207237	293.222631	0.01539397	0.00880233854	0	0	0	0	3
80	11	0	2	293.211993	293.211552	293.207237	293.220013	0.0127755623	0.00880233854	0	0	0	0	3
81	12	0	2.025	293.213068	293.211221	293.207237	293.219427	0.0121902838	0.00880233854	0	0	0	0	3
82	12	0	2.05	293.211455	293.210841	293.207237	293.217964	0.0107273811	0.00880233854	0	0	0	0	3
83	12	0	2.075	293.209644	293.210445	293.207237	293.21561	0.00837325545	0.00880233854	0	0	0	0	3
84	12	0	2.1	293.2116	293.210254	293.207237	293.213404	0.00616730603	0.00880233854	0	0	0	0	3
85	12	0	2.125	293.209348	293.210064	293.207237	293.213404	0.00616730603	0.00880233854	0	0	0	0	3
86	12	0	2.15	293.208725	293.209841	293.207237	293.213068	0.00583125902	0.00880233854	0	0	0	0	3
87	12	0	2.175	293.208162	293.209818	293.207237	293.213068	0.00583125902	0.00880233854	0	0	0	0	3
88	12	0	2.2	293.208876	293.209745	293.207237	293.213068	0.00583125902	0.00880233854	0	0	0	0	3
89	13	0	2.225	293.206659	293.209641	293.206659	293.213068	0.00640895435	0.00880233854	0	0	0	0	3
90	13	0	2.25	293.205773	293.209531	293.205773	293.213068	0.00729552323	0.00880233854	0	0	0	0	3
91	13	0	2.275	293.20611	293.209435	293.205773	293.213068	0.00729552323	0.00880233854	0	0	0	0	3
92	13	0	2.3	293.207404	293.209443	293.205773	293.213068	0.00729552323	0.00880233854	0	0	0	0	3
93	13	0	2.325	293.20699	293.209428	293.205773	293.213068	0.00729552323	0.00880233854	0	0	0	0	3
94	13	0	2.35	293.205883	293.209333	293.205773	293.213068	0.00690358482	0.00880233854	0	0	0	0	3
95	13	0	2.375	293.206408	293.209227	293.205773	293.213068	0.00592862116	0.00880233854	0	0	0	0	3
96	13	0	2.4	293.207394	293.209127	293.205773	293.213068	0.00507595787	0.00880233854	0	0	0	0	3
97	14	0	2.425	293.206449	293.208931	293.205773	293.213068	0.0044297427	0.00880233854	0	0	0	0	3
98	14	0	2.45	293.205764	293.208657	293.205764	293.213068	0.00398472226	0.00880233854	0	0	0	0	3
99	14	0	2.475	293.20652	293.208392	293.205764	293.213068	0.00366659303	0.00880233854	0	0	0	0	3
100	14	0	2.5	293.206913	293.208149	293.205764	293.213068	0.00340229058	0.00880233854	0	0	0	0	3
101	14	0	2.525	293.207193	293.207921	293.205764	293.213068	0.00330015486	0.00880233854	0	0	0	0	3
102	14	0	2.55	293.207188	293.207641	293.205764	293.2116	0.00320054659	0.00880233854	0	0	0	0	3
103	14	0	2.575	293.206398	293.2074	293.205764	293.2116	0.0030451156	0.00880233854	0	0	0	0	3
104	14	0	2.6	293.205633	293.207209	293.205633	293.2116	0.00304512156	0.00880233854	0	0	0	0	3
105	15	0	2.625	293.205958	293.20694	293.205633	293.209348	0.00312352805	0.00880233854	0	0	0	0	3
106	15	0	2.65	293.206447	293.206802	293.205633	293.208876	0.00303887704	0.00880233854	0	0	0	0	3
107	15	0	2.675	293.206709	293.206706	293.205633	293.208876	0.00311148402	0.00880233854	0	0	0	0	3
108	15	0	2.7	293.206795	293.206641	293.205633	293.208876	0.00310428135	0.00880233854	0	0	0	0	3
109	15	0	2.725	293.206794	293.206542	293.205633	293.207404	0.00177087492	0.00880233854	0	0	0	0	3
