Iteration	CPUTime	PhysTime	Travels	Value	AvValue	MinValue	MaxValue	Delta	Criteria	PrevAvRefValue	Progress	CriteriaType	CriteriaVarType	CriteriaPercentage
1	2	0	0.025	0.0347261225	0.0347261225	0.0347261225	0.0347261225	0	0	0	0	0	0	3
2	2	0	0.05	19842.1383	9921.08651	0.0347261225	19842.1383	9921.05178	0	0	0	0	0	3
3	2	0	0.075	9007.19361	9616.45554	0.0347261225	19842.1383	9921.05178	0	0	0	0	0	3
4	2	0	0.1	3070.40274	7979.94234	0.0347261225	19842.1383	9921.05178	0	0	0	0	0	3
5	2	0	0.125	1598.25465	6703.6048	0.0347261225	19842.1383	9921.05178	0	0	0	0	0	3
6	2	0	0.15	1506.23409	5837.37635	0.0347261225	19842.1383	9921.05178	0	0	0	0	0	3
7	2	0	0.175	1872.32919	5270.94104	0.0347261225	19842.1383	9921.05178	0	0	0	0	0	3
8	3	0	0.2	3225.29217	5015.23493	0.0347261225	19842.1383	9921.05178	0	0	0	0	0	3
9	3	0	0.225	4130.01917	4916.87763	0.0347261225	19842.1383	9921.05178	0	0	0	0	0	3
10	3	0	0.25	4748.83244	4900.07311	0.0347261225	19842.1383	9921.05178	0	0	0	0	0	3
11	3	0	0.275	5430.43909	4948.2882	0.0347261225	19842.1383	9921.05178	0	0	0	0	0	3
12	3	0	0.3	5853.54808	5023.72652	0.0347261225	19842.1383	9921.05178	0	0	0	0	0	3
13	3	0	0.325	5888.87567	5090.27645	0.0347261225	19842.1383	9921.05178	0	0	0	0	0	3
14	3	0	0.35	2465.56621	4902.79715	0.0347261225	19842.1383	9921.05178	0	0	0	0	0	3
15	3	0	0.375	2057.42766	4713.10585	0.0347261225	19842.1383	9921.05178	0	0	0	0	0	3
16	3	0	0.4	1031.37869	4482.9979	0.0347261225	19842.1383	9921.05178	0	0	0	0	0	3
17	4	0	0.425	913.037445	4273.00023	0.0347261225	19842.1383	9921.05178	0	0	0	0	0	3
18	4	0	0.45	437.994884	4059.94438	0.0347261225	19842.1383	9921.05178	0	0	0	0	0	3
19	4	0	0.475	275.179669	3860.74624	0.0347261225	19842.1383	9921.05178	0	0	0	0	0	3
20	4	0	0.5	244.607451	3679.9393	0.0347261225	19842.1383	9921.05178	0	0	0	0	0	3
21	4	0	0.525	145.441949	3687.20966	145.441949	19842.1383	6241.14721	0	0	0	0	0	3
22	4	0	0.55	914.46237	2740.82586	145.441949	9007.19361	6875.62968	0	0	0	0	0	3
23	4	0	0.575	801.59145	2330.54575	145.441949	5888.87567	5649.39658	0	0	0	0	0	3
24	4	0	0.6	4523.43823	2403.19753	145.441949	5888.87567	4373.05905	0	0	0	0	0	3
25	5	0	0.625	8200.53514	2733.31155	145.441949	8200.53514	3506.8306	0	0	0	0	0	3
26	5	0	0.65	5006.12215	2908.30596	145.441949	8200.53514	2940.39529	0	0	0	0	0	3
27	5	0	0.675	7691.91579	3199.28529	145.441949	8200.53514	2759.7307	0	0	0	0	0	3
28	5	0	0.7	4579.91955	3267.01665	145.441949	8200.53514	2759.7307	0	0	0	0	0	3
29	5	0	0.725	4072.41708	3264.13655	145.441949	8200.53514	2759.7307	0	0	0	0	0	3
30	5	0	0.75	2390.96023	3146.24294	145.441949	8200.53514	2759.7307	0	0	0	0	0	3
31	5	0	0.775	1079.59314	2928.70064	145.441949	8200.53514	2759.7307	0	0	0	0	0	3
32	5	0	0.8	554.594767	2663.75298	145.441949	8200.53514	2759.7307	0	0	0	0	0	3
33	6	0	0.825	290.319941	2383.82519	145.441949	8200.53514	2572.2514	0	0	0	0	0	3
34	6	0	0.85	3417.55904	2431.42483	145.441949	8200.53514	2382.5601	0	0	0	0	0	3
35	6	0	0.875	6101.23056	2633.61498	145.441949	8200.53514	2152.45215	0	0	0	0	0	3
36	6	0	0.9	3291.4756	2746.61982	145.441949	8200.53514	1942.45448	0	0	0	0	0	3
37	6	0	0.925	3404.90912	2871.21341	145.441949	8200.53514	1729.39862	0	0	0	0	0	3
38	6	0	0.95	2842.52151	2991.43974	145.441949	8200.53514	1530.20048	0	0	0	0	0	3
39	6	0	0.975	5968.80279	3276.12089	145.441949	8200.53514	1356.6639	0	0	0	0	0	3
40	7	0	1	4548.0349	3491.29227	145.441949	8200.53514	1356.6639	1094.99348	0	80.7	0	0	3
41	7	0	1.025	3340.67755	3651.05405	290.319941	8200.53514	1320.50829	1094.99348	0	82.9	0	0	3
42	7	0	1.05	2392.54823	3724.95834	290.319941	8200.53514	1394.41258	1094.99348	0	78.5	0	0	3
43	7	0	1.075	1930.42521	3781.40003	290.319941	8200.53514	1397.57484	1094.99348	0	78.3	0	0	3
44	7	0	1.1	5173.68708	3847.69941	290.319941	8200.53514	1463.87422	1094.99348	0	74.8	0	0	3
45	7	0	1.125	2846.65799	3767.85273	290.319941	8200.53514	1463.87422	1094.99348	0	74.8	0	0	3
46	7	0	1.15	9226.59509	3816.71273	290.319941	9226.59509	1463.87422	1094.99348	0	74.8	0	0	3
47	7	0	1.175	10488.8371	4077.7944	290.319941	10488.8371	1693.96921	1094.99348	0	64.6	0	0	3
48	8	0	1.2	8173.58788	4100.73116	290.319941	10488.8371	1716.90597	1106.77397	0	64.4	0	0	3
49	8	0	1.225	9060.67036	4314.10025	290.319941	10488.8371	1930.27506	1125.807	0	58.3	0	0	3
50	8	0	1.25	14385.7389	4805.21081	290.319941	14385.7389	2421.38562	1189.18511	0	49.1	0	0	3
51	8	0	1.275	16985.4296	5500.18554	290.319941	16985.4296	3116.36035	1270.24248	0	40.7	0	0	3
52	8	0	1.3	15947.0763	6208.16093	290.319941	16985.4296	3824.33574	1337.79029	0	34.9	0	0	3
53	8	0	1.325	13284.3386	6814.33921	290.319941	16985.4296	4430.51402	1394.94614	0	31.4	0	0	3
54	8	0	1.35	13818.4266	7458.53476	1930.42521	16985.4296	5027.10993	1443.93686	0	28.7	0	0	3
55	8	0	1.375	14748.0135	7998.08021	1930.42521	16985.4296	5364.46524	1486.39548	0	27.7	0	0	3
56	9	0	1.4	15798.9798	8459.87779	1930.42521	16985.4296	5713.25797	1523.54678	0	26.6	0	0	3
57	9	0	1.425	17789.8561	9150.27686	1930.42521	17789.8561	6279.06346	1562.17428	0	24.8	0	0	3
58	9	0	1.45	21856.3502	10028.9169	1930.42521	21856.3502	7037.47718	1624.42497	0	23	0	0	3
59	9	0	1.475	25125.4407	11090.0083	1930.42521	25125.4407	7813.88741	1701.38306	0	21.7	0	0	3
60	9	0	1.5	29920.4911	12230.5649	1930.42521	29920.4911	8739.27263	1800.27011	0	20.5	0	0	3
61	9	0	1.525	32243.6142	13549.402	1930.42521	32243.6142	9898.34795	1903.40861	0	19.2	0	0	3
62	9	0	1.55	34812.6655	15048.0681	1930.42521	34812.6655	11323.1098	2010.78636	0	17.7	0	0	3
63	9	0	1.575	39897.2099	16834.0044	1930.42521	39897.2099	13066.1516	2136.14285	0	16.3	0	0	3
64	9	0	1.6	43735.2294	18824.7093	2846.65799	43735.2294	15056.8566	2270.81302	0	15	0	0	3
65	10	0	1.625	45669.9775	20753.1041	2846.65799	45669.9775	16985.2514	2404.27218	0	14.1	0	0	3
66	10	0	1.65	54835.4975	23228.7631	8173.58788	54835.4975	19412.0504	2571.02403	0	13.2	0	0	3
67	10	0	1.675	55808.4399	25446.9462	8173.58788	55808.4399	21369.1518	2729.87651	0	12.7	0	0	3
68	10	0	1.7	60064.3569	27807.6853	8173.58788	60064.3569	23706.9541	2896.16375	0	12.2	0	0	3
69	10	0	1.725	63768.2266	30455.049	9060.67036	63768.2266	26140.9488	3066.76445	0	11.7	0	0	3
70	10	0	1.75	66286.0368	33180.0665	13284.3386	66286.0368	28374.8556	3236.36212	0	11.4	0	0	3
71	10	0	1.775	69867.9988	35822.0788	13284.3386	69867.9988	30321.8933	3409.29548	0	11.2	0	0	3
72	10	0	1.8	72386.7142	38460.2352	13284.3386	72386.7142	32252.0743	3581.14621	0	11.1	0	0	3
73	11	0	1.825	73802.0076	41215.232	13284.3386	73802.0076	34400.8928	3747.88112	0	10.8	0	0	3
74	11	0	1.85	74218.1337	44116.8413	13818.4266	74218.1337	36658.3065	3900.35987	0	10.6	0	0	3
75	11	0	1.875	73541.5658	46960.8003	14748.0135	74218.1337	38962.7201	4044.12554	0	10.3	0	0	3
76	11	0	1.9	71792.2695	49677.1934	15798.9798	74218.1337	41217.3156	4179.90423	0	10.1	0	0	3
77	11	0	1.925	69197.7771	52219.9933	17789.8561	74218.1337	43069.7164	4308.34353	0	10	0	0	3
78	11	0	1.95	66055.9741	54518.3799	21856.3502	74218.1337	44489.4629	4430.02287	0	9.9	0	0	3
79	11	0	1.975	63036.8188	56479.3546	25125.4407	74218.1337	45389.3463	4545.46224	0	10	0	0	3
80	11	0	2	60017.1239	58140.8633	29920.4911	74218.1337	44297.6426	4655.12965	0	10.5	0	0	3
81	12	0	2.025	55669.0121	59366.9833	32243.6142	74218.1337	41974.5195	4759.44742	0	11.3	0	0	3
82	12	0	2.05	53712.5009	60389.3113	34812.6655	74218.1337	39405.4682	4858.79768	0	12.3	0	0	3
83	12	0	2.075	52935.3259	61252.2951	39897.2099	74218.1337	34320.9238	4953.527	0	14.4	0	0	3
84	12	0	2.1	49124.2886	61691.6798	43735.2294	74218.1337	30482.9043	5041.37741	0	16.5	0	0	3
85	12	0	2.125	48802.5679	61932.9816	45669.9775	74218.1337	28548.1562	5125.32336	0	17.9	0	0	3
86	12	0	2.15	48234.382	62055.0961	48234.382	74218.1337	25983.7517	5191.31042	0	19.9	0	0	3
87	12	0	2.175	47964.0802	61727.8858	47964.0802	74218.1337	26254.0535	5254.48953	0	20	0	0	3
88	12	0	2.2	46289.3873	61274.5976	46289.3873	74218.1337	27928.7464	5315.03617	0	19	0	0	3
89	13	0	2.225	48448.5722	60721.465	46289.3873	74218.1337	27928.7464	5370.87455	0	19.2	0	0	3
90	13	0	2.25	48992.9946	60017.8825	46289.3873	74218.1337	27928.7464	5414.04152	0	19.3	0	0	3
91	13	0	2.275	49336.7288	59210.7726	46289.3873	74218.1337	26233.0173	5455.51568	0	20.7	0	0	3
92	13	0	2.3	48273.2873	58182.453	46289.3873	74218.1337	23594.8609	5495.39468	0	23.2	0	0	3
93	13	0	2.325	48700.9643	57054.5601	46289.3873	74218.1337	20839.8642	5533.7688	0	26.5	0	0	3
94	13	0	2.35	49936.5279	55918.1087	46289.3873	74218.1337	17938.2549	5569.49956	0	31	0	0	3
95	13	0	2.375	49898.1159	54760.0126	46289.3873	73541.5658	15094.2959	5601.84258	0	37.1	0	0	3
96	13	0	2.4	49016.2887	53592.1423	46289.3873	71792.2695	12377.9027	5630.71154	0	45.4	0	0	3
97	14	0	2.425	50809.3564	52592.9559	46289.3873	69197.7771	9835.10284	5654.25175	0	57.4	0	0	3
98	14	0	2.45	51333.8376	51742.2922	46289.3873	66055.9741	10312.804	5668.31692	0	54.9	0	0	3
99	14	0	2.475	51162.9378	51033.1	46289.3873	63036.8188	11021.9962	5675.05883	0	51.4	0	0	3
100	14	0	2.5	51065.2462	50463.0251	46289.3873	60017.1239	11592.0711	5671.70108	0	48.9	0	0	3
101	14	0	2.525	50652.6188	50017.0963	46289.3873	55669.0121	9379.62479	5663.74761	0	60.3	0	0	3
102	14	0	2.55	50519.6762	49771.8898	46289.3873	53712.5009	7423.11354	5650.93067	0	76.1	0	0	3
103	14	0	2.575	51434.7327	49663.4246	46289.3873	52935.3259	6645.93857	5628.54813	0	84.6	0	0	3
104	14	0	2.6	52782.3225	49656.1388	46289.3873	52782.3225	6492.93518	5599.45503	0	86.2	0	0	3
105	15	0	2.625	53242.0411	49852.2222	46289.3873	53242.0411	6952.65381	5567.57917	0	80	0	0	3
106	15	0	2.65	53265.6917	50064.7519	46289.3873	53265.6917	6976.30441	5535.5096	0	79.3	0	0	3
107	15	0	2.675	53310.2229	50306.4586	46289.3873	53310.2229	7020.83557	5504.39733	0	78.4	0	0	3
108	15	0	2.7	53331.8299	50562.0658	46289.3873	53331.8299	7042.44256	5474.20013	0	77.7	0	0	3
109	15	0	2.725	53438.0768	50902.4795	48273.2873	53438.0768	5164.78945	5444.87821	0	100	0	0	3
